# Created by Octave 3.8.1, Tue Mar 24 15:14:09 2015 IST <utkarsh@utkarsh-HP-Pavilion-15-Notebook-PC>
# name: pmf
# type: matrix
# rows: 1
# columns: 51
 1.798465042647406e-08 1.888388294779777e-07 1.294894830706133e-06 6.520720397484455e-06 2.571026899579585e-05 8.264015034362952e-05 0.000222622445823655 0.0005128267055580626 0.001025653411116125 0.001802219565246906 0.002808653867917256 0.003912053601741893 0.004900814402182152 0.005550922435124683 0.005709520218985387 0.005352675205298801 0.004588007318827544 0.003604862893364499 0.002602006298969864 0.001728475612887124 0.001058250375237015 0.0005978427444520796 0.0003119179536271721 0.000150389013355958 6.703053166722699e-05 2.762247184089025e-05 1.052284641557724e-05 3.704471442218517e-06 1.204409434415873e-06 3.613228303247619e-07 9.990493004371297e-08 2.54222366629091e-08 5.942860518602128e-09 1.273470111129028e-09 2.494961850375237e-10 4.455289018527209e-11 7.224793003017097e-12 1.059274162096492e-12 1.396845048918451e-13 1.646281664796746e-14 1.720851914421685e-15 1.580374207121956e-16 1.260099035578968e-17 8.591584333492966e-19 4.909476761995981e-20 2.287023336333531e-21 8.341726454711968e-23 2.234391014654992e-24 3.908555710766749e-26 3.350190609228642e-28 0


# name: x
# type: matrix
# rows: 1
# columns: 51
 0 1 2 3 4 5 6 7 8 9 10 11 12 13 14 15 16 17 18 19 20 21 22 23 24 25 26 27 28 29 30 31 32 33 34 35 36 37 38 39 40 41 42 43 44 45 46 47 48 49 50


